{
 "cells": [
  {
   "cell_type": "code",
   "execution_count": 2,
   "metadata": {},
   "outputs": [],
   "source": [
    "import numpy as np"
   ]
  },
  {
   "cell_type": "code",
   "execution_count": 7,
   "metadata": {},
   "outputs": [],
   "source": [
    "x=[[1,0,0],[0,1,0],[0,0,1],[np.sqrt(3.0)/2.0,np.sqrt(3.0)/2.0,np.sqrt(3.0)/2.0]]"
   ]
  },
  {
   "cell_type": "code",
   "execution_count": 6,
   "metadata": {},
   "outputs": [
    {
     "data": {
      "text/plain": [
       "[[1, 0, 0],\n",
       " [0, 1, 0],\n",
       " [0, 0, 1],\n",
       " [0.8660254037844386, 0.8660254037844386, 0.8660254037844386]]"
      ]
     },
     "execution_count": 6,
     "metadata": {},
     "output_type": "execute_result"
    }
   ],
   "source": [
    "x"
   ]
  },
  {
   "cell_type": "markdown",
   "metadata": {},
   "source": [
    "Therefore 4 atoms lying in the plane perpendicular to <111> direction has been created, one each on the axes and one in the centre of a cube of unit size."
   ]
  },
  {
   "cell_type": "code",
   "execution_count": 8,
   "metadata": {},
   "outputs": [],
   "source": [
    "y=np.matrix(x)"
   ]
  },
  {
   "cell_type": "code",
   "execution_count": 9,
   "metadata": {},
   "outputs": [
    {
     "data": {
      "text/plain": [
       "matrix([[1.       , 0.       , 0.       ],\n",
       "        [0.       , 1.       , 0.       ],\n",
       "        [0.       , 0.       , 1.       ],\n",
       "        [0.8660254, 0.8660254, 0.8660254]])"
      ]
     },
     "execution_count": 9,
     "metadata": {},
     "output_type": "execute_result"
    }
   ],
   "source": [
    "y"
   ]
  },
  {
   "cell_type": "markdown",
   "metadata": {},
   "source": [
    "y is the matrix with the co-ordinates of teh four atoms. Now we do a SVD of y to interpret the SVD results"
   ]
  },
  {
   "cell_type": "code",
   "execution_count": 11,
   "metadata": {},
   "outputs": [],
   "source": [
    "u, s, vh = np.linalg.svd(y, full_matrices=True, compute_uv=True)"
   ]
  },
  {
   "cell_type": "code",
   "execution_count": 12,
   "metadata": {},
   "outputs": [
    {
     "data": {
      "text/plain": [
       "((4, 4), (3,), (3, 3))"
      ]
     },
     "execution_count": 12,
     "metadata": {},
     "output_type": "execute_result"
    }
   ],
   "source": [
    "u.shape, s.shape, vh.shape"
   ]
  },
  {
   "cell_type": "code",
   "execution_count": 13,
   "metadata": {},
   "outputs": [
    {
     "data": {
      "text/plain": [
       "matrix([[ 3.20256308e-01, -5.55111512e-17,  8.16496581e-01,\n",
       "         -4.80384461e-01],\n",
       "        [ 3.20256308e-01,  7.07106781e-01, -4.08248290e-01,\n",
       "         -4.80384461e-01],\n",
       "        [ 3.20256308e-01, -7.07106781e-01, -4.08248290e-01,\n",
       "         -4.80384461e-01],\n",
       "        [ 8.32050294e-01,  1.11022302e-16, -4.99600361e-16,\n",
       "          5.54700196e-01]])"
      ]
     },
     "execution_count": 13,
     "metadata": {},
     "output_type": "execute_result"
    }
   ],
   "source": [
    "u"
   ]
  },
  {
   "cell_type": "code",
   "execution_count": 14,
   "metadata": {},
   "outputs": [
    {
     "data": {
      "text/plain": [
       "array([1.80277564, 1.        , 1.        ])"
      ]
     },
     "execution_count": 14,
     "metadata": {},
     "output_type": "execute_result"
    }
   ],
   "source": [
    "s"
   ]
  },
  {
   "cell_type": "code",
   "execution_count": 15,
   "metadata": {},
   "outputs": [
    {
     "data": {
      "text/plain": [
       "matrix([[ 0.57735027,  0.57735027,  0.57735027],\n",
       "        [-0.        ,  0.70710678, -0.70710678],\n",
       "        [ 0.81649658, -0.40824829, -0.40824829]])"
      ]
     },
     "execution_count": 15,
     "metadata": {},
     "output_type": "execute_result"
    }
   ],
   "source": [
    "vh"
   ]
  },
  {
   "cell_type": "code",
   "execution_count": null,
   "metadata": {},
   "outputs": [],
   "source": []
  }
 ],
 "metadata": {
  "kernelspec": {
   "display_name": "Python 3",
   "language": "python",
   "name": "python3"
  },
  "language_info": {
   "codemirror_mode": {
    "name": "ipython",
    "version": 3
   },
   "file_extension": ".py",
   "mimetype": "text/x-python",
   "name": "python",
   "nbconvert_exporter": "python",
   "pygments_lexer": "ipython3",
   "version": "3.6.4"
  }
 },
 "nbformat": 4,
 "nbformat_minor": 2
}
